(kicad_pcb (version 20171130) (host pcbnew "(5.0.1-3-g963ef8bb5)")

  (general
    (thickness 1.6)
    (drawings 18)
    (tracks 328)
    (zones 0)
    (modules 46)
    (nets 76)
  )

  (page A4)
  (layers
    (0 F.Cu signal)
    (31 B.Cu signal)
    (32 B.Adhes user)
    (33 F.Adhes user)
    (34 B.Paste user)
    (35 F.Paste user)
    (36 B.SilkS user)
    (37 F.SilkS user)
    (38 B.Mask user)
    (39 F.Mask user)
    (40 Dwgs.User user)
    (41 Cmts.User user)
    (42 Eco1.User user)
    (43 Eco2.User user)
    (44 Edge.Cuts user)
    (45 Margin user)
    (46 B.CrtYd user)
    (47 F.CrtYd user)
    (48 B.Fab user)
    (49 F.Fab user)
  )

  (setup
    (last_trace_width 0.25)
    (trace_clearance 0.2)
    (zone_clearance 0.508)
    (zone_45_only no)
    (trace_min 0.2)
    (segment_width 0.2)
    (edge_width 0.15)
    (via_size 0.8)
    (via_drill 0.4)
    (via_min_size 0.4)
    (via_min_drill 0.3)
    (uvia_size 0.3)
    (uvia_drill 0.1)
    (uvias_allowed no)
    (uvia_min_size 0.2)
    (uvia_min_drill 0.1)
    (pcb_text_width 0.3)
    (pcb_text_size 1.5 1.5)
    (mod_edge_width 0.15)
    (mod_text_size 1 1)
    (mod_text_width 0.15)
    (pad_size 3.937 3.937)
    (pad_drill 3.175)
    (pad_to_mask_clearance 0.051)
    (solder_mask_min_width 0.25)
    (aux_axis_origin 0 0)
    (visible_elements FFFFFF7F)
    (pcbplotparams
      (layerselection 0x010fc_ffffffff)
      (usegerberextensions false)
      (usegerberattributes false)
      (usegerberadvancedattributes false)
      (creategerberjobfile false)
      (excludeedgelayer true)
      (linewidth 0.100000)
      (plotframeref false)
      (viasonmask false)
      (mode 1)
      (useauxorigin false)
      (hpglpennumber 1)
      (hpglpenspeed 20)
      (hpglpendiameter 15.000000)
      (psnegative false)
      (psa4output false)
      (plotreference true)
      (plotvalue true)
      (plotinvisibletext false)
      (padsonsilk false)
      (subtractmaskfromsilk false)
      (outputformat 1)
      (mirror false)
      (drillshape 1)
      (scaleselection 1)
      (outputdirectory ""))
  )

  (net 0 "")
  (net 1 VDD)
  (net 2 GND)
  (net 3 "Net-(C01-Pad1)")
  (net 4 "Net-(C11-Pad1)")
  (net 5 "Net-(C21-Pad1)")
  (net 6 "Net-(C31-Pad1)")
  (net 7 "Net-(C60-Pad1)")
  (net 8 "Net-(J00-Pad1)")
  (net 9 "Net-(J00-Pad2)")
  (net 10 "Net-(J10-Pad2)")
  (net 11 "Net-(J10-Pad1)")
  (net 12 "Net-(J20-Pad2)")
  (net 13 "Net-(J20-Pad1)")
  (net 14 "Net-(J30-Pad1)")
  (net 15 "Net-(J30-Pad2)")
  (net 16 "Net-(J60-Pad2)")
  (net 17 "Net-(J60-Pad3)")
  (net 18 "Net-(J60-Pad4)")
  (net 19 AUDIO0-R)
  (net 20 AUDIO0-L)
  (net 21 AUDIO1-L)
  (net 22 AUDIO1-R)
  (net 23 5V)
  (net 24 "Net-(R00-Pad1)")
  (net 25 "Net-(R00-Pad2)")
  (net 26 SC0)
  (net 27 SD0)
  (net 28 "Net-(R10-Pad1)")
  (net 29 "Net-(R10-Pad2)")
  (net 30 SC1)
  (net 31 SD2)
  (net 32 "Net-(R20-Pad2)")
  (net 33 "Net-(R20-Pad1)")
  (net 34 SC2)
  (net 35 "Net-(R30-Pad2)")
  (net 36 "Net-(R30-Pad1)")
  (net 37 SC3)
  (net 38 SD3)
  (net 39 SCL)
  (net 40 SDA)
  (net 41 "Net-(SHIELD00-PadAD5)")
  (net 42 "Net-(SHIELD00-PadAD4)")
  (net 43 "Net-(SHIELD00-PadAD3)")
  (net 44 "Net-(SHIELD00-PadAD0)")
  (net 45 "Net-(SHIELD00-PadAD1)")
  (net 46 "Net-(SHIELD00-PadAD2)")
  (net 47 "Net-(SHIELD00-PadV_IN)")
  (net 48 "Net-(SHIELD00-Pad3V3)")
  (net 49 "Net-(SHIELD00-PadRST)")
  (net 50 "Net-(SHIELD00-Pad0)")
  (net 51 "Net-(SHIELD00-Pad1)")
  (net 52 "Net-(SHIELD00-Pad3)")
  (net 53 "Net-(SHIELD00-Pad4)")
  (net 54 "Net-(SHIELD00-Pad5)")
  (net 55 IO6)
  (net 56 "Net-(SHIELD00-Pad7)")
  (net 57 "Net-(SHIELD00-Pad8)")
  (net 58 IO9)
  (net 59 IO10)
  (net 60 IO11)
  (net 61 "Net-(SHIELD00-Pad13)")
  (net 62 "Net-(SHIELD00-PadAREF)")
  (net 63 "Net-(SHIELD00-PadIOREF)")
  (net 64 "Net-(SHIELD00-PadNC)")
  (net 65 "Net-(U40-Pad13)")
  (net 66 "Net-(U40-Pad14)")
  (net 67 "Net-(U40-Pad15)")
  (net 68 "Net-(U40-Pad16)")
  (net 69 "Net-(U40-Pad17)")
  (net 70 "Net-(U40-Pad18)")
  (net 71 "Net-(U40-Pad19)")
  (net 72 "Net-(U40-Pad20)")
  (net 73 SD1)
  (net 74 IO12)
  (net 75 "Net-(SHIELD00-Pad2)")

  (net_class Default "This is the default net class."
    (clearance 0.2)
    (trace_width 0.25)
    (via_dia 0.8)
    (via_drill 0.4)
    (uvia_dia 0.3)
    (uvia_drill 0.1)
    (add_net AUDIO0-L)
    (add_net AUDIO0-R)
    (add_net AUDIO1-L)
    (add_net AUDIO1-R)
    (add_net GND)
    (add_net IO10)
    (add_net IO11)
    (add_net IO12)
    (add_net IO6)
    (add_net IO9)
    (add_net "Net-(C01-Pad1)")
    (add_net "Net-(C11-Pad1)")
    (add_net "Net-(C21-Pad1)")
    (add_net "Net-(C31-Pad1)")
    (add_net "Net-(J00-Pad1)")
    (add_net "Net-(J00-Pad2)")
    (add_net "Net-(J10-Pad1)")
    (add_net "Net-(J10-Pad2)")
    (add_net "Net-(J20-Pad1)")
    (add_net "Net-(J20-Pad2)")
    (add_net "Net-(J30-Pad1)")
    (add_net "Net-(J30-Pad2)")
    (add_net "Net-(J60-Pad2)")
    (add_net "Net-(J60-Pad3)")
    (add_net "Net-(J60-Pad4)")
    (add_net "Net-(R00-Pad1)")
    (add_net "Net-(R00-Pad2)")
    (add_net "Net-(R10-Pad1)")
    (add_net "Net-(R10-Pad2)")
    (add_net "Net-(R20-Pad1)")
    (add_net "Net-(R20-Pad2)")
    (add_net "Net-(R30-Pad1)")
    (add_net "Net-(R30-Pad2)")
    (add_net "Net-(SHIELD00-Pad0)")
    (add_net "Net-(SHIELD00-Pad1)")
    (add_net "Net-(SHIELD00-Pad13)")
    (add_net "Net-(SHIELD00-Pad2)")
    (add_net "Net-(SHIELD00-Pad3)")
    (add_net "Net-(SHIELD00-Pad3V3)")
    (add_net "Net-(SHIELD00-Pad4)")
    (add_net "Net-(SHIELD00-Pad5)")
    (add_net "Net-(SHIELD00-Pad7)")
    (add_net "Net-(SHIELD00-Pad8)")
    (add_net "Net-(SHIELD00-PadAD0)")
    (add_net "Net-(SHIELD00-PadAD1)")
    (add_net "Net-(SHIELD00-PadAD2)")
    (add_net "Net-(SHIELD00-PadAD3)")
    (add_net "Net-(SHIELD00-PadAD4)")
    (add_net "Net-(SHIELD00-PadAD5)")
    (add_net "Net-(SHIELD00-PadAREF)")
    (add_net "Net-(SHIELD00-PadIOREF)")
    (add_net "Net-(SHIELD00-PadNC)")
    (add_net "Net-(SHIELD00-PadRST)")
    (add_net "Net-(SHIELD00-PadV_IN)")
    (add_net "Net-(U40-Pad13)")
    (add_net "Net-(U40-Pad14)")
    (add_net "Net-(U40-Pad15)")
    (add_net "Net-(U40-Pad16)")
    (add_net "Net-(U40-Pad17)")
    (add_net "Net-(U40-Pad18)")
    (add_net "Net-(U40-Pad19)")
    (add_net "Net-(U40-Pad20)")
    (add_net SC0)
    (add_net SC1)
    (add_net SC2)
    (add_net SC3)
    (add_net SCL)
    (add_net SD0)
    (add_net SD1)
    (add_net SD2)
    (add_net SD3)
    (add_net SDA)
  )

  (net_class POWER ""
    (clearance 0.2)
    (trace_width 0.4)
    (via_dia 0.8)
    (via_drill 0.4)
    (uvia_dia 0.3)
    (uvia_drill 0.1)
    (add_net 5V)
    (add_net "Net-(C60-Pad1)")
    (add_net VDD)
  )

  (module _arduino_shield:ARDUINO_SHIELD (layer F.Cu) (tedit 5CD56D8C) (tstamp 5CFA2226)
    (at 89.15 139.890501)
    (path /5CCB785F)
    (fp_text reference SHIELD00 (at 0.75 21.009499) (layer F.SilkS) hide
      (effects (font (size 1.524 1.524) (thickness 0.3048)))
    )
    (fp_text value ARDUINO_SHIELD (at 10.16 -54.61) (layer F.SilkS) hide
      (effects (font (size 1.524 1.524) (thickness 0.3048)))
    )
    (fp_line (start 66.04 -40.64) (end 66.04 -52.07) (layer F.SilkS) (width 0.381))
    (fp_line (start 66.04 -52.07) (end 64.77 -53.34) (layer F.SilkS) (width 0.381))
    (fp_line (start 64.77 -53.34) (end 0 -53.34) (layer F.SilkS) (width 0.381))
    (fp_line (start 66.04 0) (end 0 0) (layer F.SilkS) (width 0.381))
    (fp_line (start 0 0) (end 0 -53.34) (layer F.SilkS) (width 0.381))
    (fp_line (start 66.04 -40.64) (end 68.58 -38.1) (layer F.SilkS) (width 0.381))
    (fp_line (start 68.58 -38.1) (end 68.58 -5.08) (layer F.SilkS) (width 0.381))
    (fp_line (start 68.58 -5.08) (end 66.04 -2.54) (layer F.SilkS) (width 0.381))
    (fp_line (start 66.04 -2.54) (end 66.04 0) (layer F.SilkS) (width 0.381))
    (pad AD5 thru_hole oval (at 63.5 -2.54 90) (size 2.54 1.524) (drill 0.8128) (layers *.Cu *.Mask)
      (net 41 "Net-(SHIELD00-PadAD5)"))
    (pad AD4 thru_hole oval (at 60.96 -2.54 90) (size 2.54 1.524) (drill 0.8128) (layers *.Cu *.Mask)
      (net 42 "Net-(SHIELD00-PadAD4)"))
    (pad AD3 thru_hole oval (at 58.42 -2.54 90) (size 2.54 1.524) (drill 0.8128) (layers *.Cu *.Mask)
      (net 43 "Net-(SHIELD00-PadAD3)"))
    (pad AD0 thru_hole oval (at 50.8 -2.54 90) (size 2.54 1.524) (drill 0.8128) (layers *.Cu *.Mask)
      (net 44 "Net-(SHIELD00-PadAD0)"))
    (pad AD1 thru_hole oval (at 53.34 -2.54 90) (size 2.54 1.524) (drill 0.8128) (layers *.Cu *.Mask)
      (net 45 "Net-(SHIELD00-PadAD1)"))
    (pad AD2 thru_hole oval (at 55.88 -2.54 90) (size 2.54 1.524) (drill 0.8128) (layers *.Cu *.Mask)
      (net 46 "Net-(SHIELD00-PadAD2)"))
    (pad V_IN thru_hole oval (at 45.72 -2.54 90) (size 2.54 1.524) (drill 0.8128) (layers *.Cu *.Mask)
      (net 47 "Net-(SHIELD00-PadV_IN)"))
    (pad GND2 thru_hole oval (at 43.18 -2.54 90) (size 2.54 1.524) (drill 0.8128) (layers *.Cu *.Mask)
      (net 2 GND))
    (pad GND1 thru_hole oval (at 40.64 -2.54 90) (size 2.54 1.524) (drill 0.8128) (layers *.Cu *.Mask)
      (net 2 GND))
    (pad 3V3 thru_hole oval (at 35.56 -2.54 90) (size 2.54 1.524) (drill 0.8128) (layers *.Cu *.Mask)
      (net 48 "Net-(SHIELD00-Pad3V3)"))
    (pad RST thru_hole oval (at 33.02 -2.54 90) (size 2.54 1.524) (drill 0.8128) (layers *.Cu *.Mask)
      (net 49 "Net-(SHIELD00-PadRST)"))
    (pad 0 thru_hole oval (at 63.5 -50.8 90) (size 2.54 1.524) (drill 0.8128) (layers *.Cu *.Mask)
      (net 50 "Net-(SHIELD00-Pad0)"))
    (pad 1 thru_hole oval (at 60.96 -50.8 90) (size 2.54 1.524) (drill 0.8128) (layers *.Cu *.Mask)
      (net 51 "Net-(SHIELD00-Pad1)"))
    (pad 2 thru_hole oval (at 58.42 -50.8 90) (size 2.54 1.524) (drill 0.8128) (layers *.Cu *.Mask)
      (net 75 "Net-(SHIELD00-Pad2)"))
    (pad 3 thru_hole oval (at 55.88 -50.8 90) (size 2.54 1.524) (drill 0.8128) (layers *.Cu *.Mask)
      (net 52 "Net-(SHIELD00-Pad3)"))
    (pad 4 thru_hole oval (at 53.34 -50.8 90) (size 2.54 1.524) (drill 0.8128) (layers *.Cu *.Mask)
      (net 53 "Net-(SHIELD00-Pad4)"))
    (pad 5 thru_hole oval (at 50.8 -50.8 90) (size 2.54 1.524) (drill 0.8128) (layers *.Cu *.Mask)
      (net 54 "Net-(SHIELD00-Pad5)"))
    (pad 6 thru_hole oval (at 48.26 -50.8 90) (size 2.54 1.524) (drill 0.8128) (layers *.Cu *.Mask)
      (net 55 IO6))
    (pad 7 thru_hole oval (at 45.72 -50.8 90) (size 2.54 1.524) (drill 0.8128) (layers *.Cu *.Mask)
      (net 56 "Net-(SHIELD00-Pad7)"))
    (pad ee thru_hole oval (at 41.656 -50.8 90) (size 2.54 1.524) (drill 0.8128) (layers *.Cu *.Mask)
      (net 57 "Net-(SHIELD00-Pad8)"))
    (pad 9 thru_hole oval (at 39.116 -50.8 90) (size 2.54 1.524) (drill 0.8128) (layers *.Cu *.Mask)
      (net 58 IO9))
    (pad 10 thru_hole oval (at 36.576 -50.8 90) (size 2.54 1.524) (drill 0.8128) (layers *.Cu *.Mask)
      (net 59 IO10))
    (pad 11 thru_hole oval (at 34.036 -50.8 90) (size 2.54 1.524) (drill 0.8128) (layers *.Cu *.Mask)
      (net 60 IO11))
    (pad 12 thru_hole oval (at 31.496 -50.8 90) (size 2.54 1.524) (drill 0.8128) (layers *.Cu *.Mask)
      (net 74 IO12))
    (pad 13 thru_hole oval (at 28.956 -50.8 90) (size 2.54 1.524) (drill 0.8128) (layers *.Cu *.Mask)
      (net 61 "Net-(SHIELD00-Pad13)"))
    (pad GND3 thru_hole oval (at 26.416 -50.8 90) (size 2.54 1.524) (drill 0.8128) (layers *.Cu *.Mask)
      (net 2 GND))
    (pad AREF thru_hole oval (at 23.876 -50.8 90) (size 2.54 1.524) (drill 0.8128) (layers *.Cu *.Mask)
      (net 62 "Net-(SHIELD00-PadAREF)"))
    (pad 5V thru_hole oval (at 38.1 -2.54 90) (size 2.54 1.524) (drill 0.8128) (layers *.Cu *.Mask)
      (net 23 5V))
    (pad "" thru_hole circle (at 66.04 -7.62 90) (size 3.937 3.937) (drill 3.175) (layers *.Cu *.Mask))
    (pad "" thru_hole circle (at 66.04 -35.56 90) (size 3.937 3.937) (drill 3.175) (layers *.Cu *.Mask))
    (pad "" thru_hole circle (at 15.24 -50.8 90) (size 3.937 3.937) (drill 3.175) (layers *.Cu *.Mask))
    (pad "" thru_hole circle (at 13.97 -2.54 90) (size 3.937 3.937) (drill 3.175) (layers *.Cu *.Mask))
    (pad SDA thru_hole oval (at 21.59 -50.8 90) (size 2.54 1.524) (drill 0.8128) (layers *.Cu *.Mask)
      (net 40 SDA))
    (pad SCL thru_hole oval (at 19.05 -50.8 90) (size 2.54 1.524) (drill 0.8128) (layers *.Cu *.Mask)
      (net 39 SCL))
    (pad IOREF thru_hole oval (at 30.48 -2.54 90) (size 2.54 1.524) (drill 0.8128) (layers *.Cu *.Mask)
      (net 63 "Net-(SHIELD00-PadIOREF)"))
    (pad NC thru_hole oval (at 27.94 -2.54 90) (size 2.54 1.524) (drill 0.8128) (layers *.Cu *.Mask)
      (net 64 "Net-(SHIELD00-PadNC)"))
  )

  (module Capacitor_SMD:C_0805_2012Metric (layer F.Cu) (tedit 5B36C52B) (tstamp 5CFA379E)
    (at 137 133)
    (descr "Capacitor SMD 0805 (2012 Metric), square (rectangular) end terminal, IPC_7351 nominal, (Body size source: https://docs.google.com/spreadsheets/d/1BsfQQcO9C6DZCsRaXUlFlo91Tg2WpOkGARC1WS5S8t0/edit?usp=sharing), generated with kicad-footprint-generator")
    (tags capacitor)
    (path /5CCA3C21)
    (attr smd)
    (fp_text reference C00 (at 3.3 0) (layer F.SilkS)
      (effects (font (size 1 1) (thickness 0.15)))
    )
    (fp_text value 1uF (at 0 1.65) (layer F.Fab)
      (effects (font (size 1 1) (thickness 0.15)))
    )
    (fp_text user %R (at 0 0) (layer F.Fab)
      (effects (font (size 0.5 0.5) (thickness 0.08)))
    )
    (fp_line (start 1.68 0.95) (end -1.68 0.95) (layer F.CrtYd) (width 0.05))
    (fp_line (start 1.68 -0.95) (end 1.68 0.95) (layer F.CrtYd) (width 0.05))
    (fp_line (start -1.68 -0.95) (end 1.68 -0.95) (layer F.CrtYd) (width 0.05))
    (fp_line (start -1.68 0.95) (end -1.68 -0.95) (layer F.CrtYd) (width 0.05))
    (fp_line (start -0.258578 0.71) (end 0.258578 0.71) (layer F.SilkS) (width 0.12))
    (fp_line (start -0.258578 -0.71) (end 0.258578 -0.71) (layer F.SilkS) (width 0.12))
    (fp_line (start 1 0.6) (end -1 0.6) (layer F.Fab) (width 0.1))
    (fp_line (start 1 -0.6) (end 1 0.6) (layer F.Fab) (width 0.1))
    (fp_line (start -1 -0.6) (end 1 -0.6) (layer F.Fab) (width 0.1))
    (fp_line (start -1 0.6) (end -1 -0.6) (layer F.Fab) (width 0.1))
    (pad 2 smd roundrect (at 0.9375 0) (size 0.975 1.4) (layers F.Cu F.Paste F.Mask) (roundrect_rratio 0.25)
      (net 1 VDD))
    (pad 1 smd roundrect (at -0.9375 0) (size 0.975 1.4) (layers F.Cu F.Paste F.Mask) (roundrect_rratio 0.25)
      (net 2 GND))
    (model ${KISYS3DMOD}/Capacitor_SMD.3dshapes/C_0805_2012Metric.wrl
      (at (xyz 0 0 0))
      (scale (xyz 1 1 1))
      (rotate (xyz 0 0 0))
    )
  )

  (module Capacitor_SMD:C_0805_2012Metric (layer F.Cu) (tedit 5B36C52B) (tstamp 5CFA12ED)
    (at 137 126)
    (descr "Capacitor SMD 0805 (2012 Metric), square (rectangular) end terminal, IPC_7351 nominal, (Body size source: https://docs.google.com/spreadsheets/d/1BsfQQcO9C6DZCsRaXUlFlo91Tg2WpOkGARC1WS5S8t0/edit?usp=sharing), generated with kicad-footprint-generator")
    (tags capacitor)
    (path /5CCA25BA)
    (attr smd)
    (fp_text reference C01 (at 0 -1.65) (layer F.SilkS)
      (effects (font (size 1 1) (thickness 0.15)))
    )
    (fp_text value 1uF (at 0 1.65) (layer F.Fab)
      (effects (font (size 1 1) (thickness 0.15)))
    )
    (fp_line (start -1 0.6) (end -1 -0.6) (layer F.Fab) (width 0.1))
    (fp_line (start -1 -0.6) (end 1 -0.6) (layer F.Fab) (width 0.1))
    (fp_line (start 1 -0.6) (end 1 0.6) (layer F.Fab) (width 0.1))
    (fp_line (start 1 0.6) (end -1 0.6) (layer F.Fab) (width 0.1))
    (fp_line (start -0.258578 -0.71) (end 0.258578 -0.71) (layer F.SilkS) (width 0.12))
    (fp_line (start -0.258578 0.71) (end 0.258578 0.71) (layer F.SilkS) (width 0.12))
    (fp_line (start -1.68 0.95) (end -1.68 -0.95) (layer F.CrtYd) (width 0.05))
    (fp_line (start -1.68 -0.95) (end 1.68 -0.95) (layer F.CrtYd) (width 0.05))
    (fp_line (start 1.68 -0.95) (end 1.68 0.95) (layer F.CrtYd) (width 0.05))
    (fp_line (start 1.68 0.95) (end -1.68 0.95) (layer F.CrtYd) (width 0.05))
    (fp_text user %R (at 0 0) (layer F.Fab)
      (effects (font (size 0.5 0.5) (thickness 0.08)))
    )
    (pad 1 smd roundrect (at -0.9375 0) (size 0.975 1.4) (layers F.Cu F.Paste F.Mask) (roundrect_rratio 0.25)
      (net 3 "Net-(C01-Pad1)"))
    (pad 2 smd roundrect (at 0.9375 0) (size 0.975 1.4) (layers F.Cu F.Paste F.Mask) (roundrect_rratio 0.25)
      (net 2 GND))
    (model ${KISYS3DMOD}/Capacitor_SMD.3dshapes/C_0805_2012Metric.wrl
      (at (xyz 0 0 0))
      (scale (xyz 1 1 1))
      (rotate (xyz 0 0 0))
    )
  )

  (module Capacitor_SMD:C_0805_2012Metric (layer F.Cu) (tedit 5B36C52B) (tstamp 5CFA12FE)
    (at 137 122)
    (descr "Capacitor SMD 0805 (2012 Metric), square (rectangular) end terminal, IPC_7351 nominal, (Body size source: https://docs.google.com/spreadsheets/d/1BsfQQcO9C6DZCsRaXUlFlo91Tg2WpOkGARC1WS5S8t0/edit?usp=sharing), generated with kicad-footprint-generator")
    (tags capacitor)
    (path /5CCE7B2C)
    (attr smd)
    (fp_text reference C10 (at 3.3 0) (layer F.SilkS)
      (effects (font (size 1 1) (thickness 0.15)))
    )
    (fp_text value 1uF (at 0 1.65) (layer F.Fab)
      (effects (font (size 1 1) (thickness 0.15)))
    )
    (fp_line (start -1 0.6) (end -1 -0.6) (layer F.Fab) (width 0.1))
    (fp_line (start -1 -0.6) (end 1 -0.6) (layer F.Fab) (width 0.1))
    (fp_line (start 1 -0.6) (end 1 0.6) (layer F.Fab) (width 0.1))
    (fp_line (start 1 0.6) (end -1 0.6) (layer F.Fab) (width 0.1))
    (fp_line (start -0.258578 -0.71) (end 0.258578 -0.71) (layer F.SilkS) (width 0.12))
    (fp_line (start -0.258578 0.71) (end 0.258578 0.71) (layer F.SilkS) (width 0.12))
    (fp_line (start -1.68 0.95) (end -1.68 -0.95) (layer F.CrtYd) (width 0.05))
    (fp_line (start -1.68 -0.95) (end 1.68 -0.95) (layer F.CrtYd) (width 0.05))
    (fp_line (start 1.68 -0.95) (end 1.68 0.95) (layer F.CrtYd) (width 0.05))
    (fp_line (start 1.68 0.95) (end -1.68 0.95) (layer F.CrtYd) (width 0.05))
    (fp_text user %R (at 0 0) (layer F.Fab)
      (effects (font (size 0.5 0.5) (thickness 0.08)))
    )
    (pad 1 smd roundrect (at -0.9375 0) (size 0.975 1.4) (layers F.Cu F.Paste F.Mask) (roundrect_rratio 0.25)
      (net 2 GND))
    (pad 2 smd roundrect (at 0.9375 0) (size 0.975 1.4) (layers F.Cu F.Paste F.Mask) (roundrect_rratio 0.25)
      (net 1 VDD))
    (model ${KISYS3DMOD}/Capacitor_SMD.3dshapes/C_0805_2012Metric.wrl
      (at (xyz 0 0 0))
      (scale (xyz 1 1 1))
      (rotate (xyz 0 0 0))
    )
  )

  (module Capacitor_SMD:C_0805_2012Metric (layer F.Cu) (tedit 5B36C52B) (tstamp 5CFA130F)
    (at 137 115)
    (descr "Capacitor SMD 0805 (2012 Metric), square (rectangular) end terminal, IPC_7351 nominal, (Body size source: https://docs.google.com/spreadsheets/d/1BsfQQcO9C6DZCsRaXUlFlo91Tg2WpOkGARC1WS5S8t0/edit?usp=sharing), generated with kicad-footprint-generator")
    (tags capacitor)
    (path /5CCE7AFC)
    (attr smd)
    (fp_text reference C11 (at 0 -1.65) (layer F.SilkS)
      (effects (font (size 1 1) (thickness 0.15)))
    )
    (fp_text value 1uF (at 0 1.65) (layer F.Fab)
      (effects (font (size 1 1) (thickness 0.15)))
    )
    (fp_line (start -1 0.6) (end -1 -0.6) (layer F.Fab) (width 0.1))
    (fp_line (start -1 -0.6) (end 1 -0.6) (layer F.Fab) (width 0.1))
    (fp_line (start 1 -0.6) (end 1 0.6) (layer F.Fab) (width 0.1))
    (fp_line (start 1 0.6) (end -1 0.6) (layer F.Fab) (width 0.1))
    (fp_line (start -0.258578 -0.71) (end 0.258578 -0.71) (layer F.SilkS) (width 0.12))
    (fp_line (start -0.258578 0.71) (end 0.258578 0.71) (layer F.SilkS) (width 0.12))
    (fp_line (start -1.68 0.95) (end -1.68 -0.95) (layer F.CrtYd) (width 0.05))
    (fp_line (start -1.68 -0.95) (end 1.68 -0.95) (layer F.CrtYd) (width 0.05))
    (fp_line (start 1.68 -0.95) (end 1.68 0.95) (layer F.CrtYd) (width 0.05))
    (fp_line (start 1.68 0.95) (end -1.68 0.95) (layer F.CrtYd) (width 0.05))
    (fp_text user %R (at 0 0) (layer F.Fab)
      (effects (font (size 0.5 0.5) (thickness 0.08)))
    )
    (pad 1 smd roundrect (at -0.9375 0) (size 0.975 1.4) (layers F.Cu F.Paste F.Mask) (roundrect_rratio 0.25)
      (net 4 "Net-(C11-Pad1)"))
    (pad 2 smd roundrect (at 0.9375 0) (size 0.975 1.4) (layers F.Cu F.Paste F.Mask) (roundrect_rratio 0.25)
      (net 2 GND))
    (model ${KISYS3DMOD}/Capacitor_SMD.3dshapes/C_0805_2012Metric.wrl
      (at (xyz 0 0 0))
      (scale (xyz 1 1 1))
      (rotate (xyz 0 0 0))
    )
  )

  (module Capacitor_SMD:C_0805_2012Metric (layer F.Cu) (tedit 5B36C52B) (tstamp 5CFA1320)
    (at 137 111)
    (descr "Capacitor SMD 0805 (2012 Metric), square (rectangular) end terminal, IPC_7351 nominal, (Body size source: https://docs.google.com/spreadsheets/d/1BsfQQcO9C6DZCsRaXUlFlo91Tg2WpOkGARC1WS5S8t0/edit?usp=sharing), generated with kicad-footprint-generator")
    (tags capacitor)
    (path /5CCE9AEE)
    (attr smd)
    (fp_text reference C20 (at 3.4 0.1) (layer F.SilkS)
      (effects (font (size 1 1) (thickness 0.15)))
    )
    (fp_text value 1uF (at 0 1.65) (layer F.Fab)
      (effects (font (size 1 1) (thickness 0.15)))
    )
    (fp_line (start -1 0.6) (end -1 -0.6) (layer F.Fab) (width 0.1))
    (fp_line (start -1 -0.6) (end 1 -0.6) (layer F.Fab) (width 0.1))
    (fp_line (start 1 -0.6) (end 1 0.6) (layer F.Fab) (width 0.1))
    (fp_line (start 1 0.6) (end -1 0.6) (layer F.Fab) (width 0.1))
    (fp_line (start -0.258578 -0.71) (end 0.258578 -0.71) (layer F.SilkS) (width 0.12))
    (fp_line (start -0.258578 0.71) (end 0.258578 0.71) (layer F.SilkS) (width 0.12))
    (fp_line (start -1.68 0.95) (end -1.68 -0.95) (layer F.CrtYd) (width 0.05))
    (fp_line (start -1.68 -0.95) (end 1.68 -0.95) (layer F.CrtYd) (width 0.05))
    (fp_line (start 1.68 -0.95) (end 1.68 0.95) (layer F.CrtYd) (width 0.05))
    (fp_line (start 1.68 0.95) (end -1.68 0.95) (layer F.CrtYd) (width 0.05))
    (fp_text user %R (at 0 0) (layer F.Fab)
      (effects (font (size 0.5 0.5) (thickness 0.08)))
    )
    (pad 1 smd roundrect (at -0.9375 0) (size 0.975 1.4) (layers F.Cu F.Paste F.Mask) (roundrect_rratio 0.25)
      (net 2 GND))
    (pad 2 smd roundrect (at 0.9375 0) (size 0.975 1.4) (layers F.Cu F.Paste F.Mask) (roundrect_rratio 0.25)
      (net 1 VDD))
    (model ${KISYS3DMOD}/Capacitor_SMD.3dshapes/C_0805_2012Metric.wrl
      (at (xyz 0 0 0))
      (scale (xyz 1 1 1))
      (rotate (xyz 0 0 0))
    )
  )

  (module Capacitor_SMD:C_0805_2012Metric (layer F.Cu) (tedit 5B36C52B) (tstamp 5CFA1331)
    (at 137 104)
    (descr "Capacitor SMD 0805 (2012 Metric), square (rectangular) end terminal, IPC_7351 nominal, (Body size source: https://docs.google.com/spreadsheets/d/1BsfQQcO9C6DZCsRaXUlFlo91Tg2WpOkGARC1WS5S8t0/edit?usp=sharing), generated with kicad-footprint-generator")
    (tags capacitor)
    (path /5CCE9ABE)
    (attr smd)
    (fp_text reference C21 (at 0 -1.65) (layer F.SilkS)
      (effects (font (size 1 1) (thickness 0.15)))
    )
    (fp_text value 1uF (at 0 1.65) (layer F.Fab)
      (effects (font (size 1 1) (thickness 0.15)))
    )
    (fp_line (start -1 0.6) (end -1 -0.6) (layer F.Fab) (width 0.1))
    (fp_line (start -1 -0.6) (end 1 -0.6) (layer F.Fab) (width 0.1))
    (fp_line (start 1 -0.6) (end 1 0.6) (layer F.Fab) (width 0.1))
    (fp_line (start 1 0.6) (end -1 0.6) (layer F.Fab) (width 0.1))
    (fp_line (start -0.258578 -0.71) (end 0.258578 -0.71) (layer F.SilkS) (width 0.12))
    (fp_line (start -0.258578 0.71) (end 0.258578 0.71) (layer F.SilkS) (width 0.12))
    (fp_line (start -1.68 0.95) (end -1.68 -0.95) (layer F.CrtYd) (width 0.05))
    (fp_line (start -1.68 -0.95) (end 1.68 -0.95) (layer F.CrtYd) (width 0.05))
    (fp_line (start 1.68 -0.95) (end 1.68 0.95) (layer F.CrtYd) (width 0.05))
    (fp_line (start 1.68 0.95) (end -1.68 0.95) (layer F.CrtYd) (width 0.05))
    (fp_text user %R (at 0 0) (layer F.Fab)
      (effects (font (size 0.5 0.5) (thickness 0.08)))
    )
    (pad 1 smd roundrect (at -0.9375 0) (size 0.975 1.4) (layers F.Cu F.Paste F.Mask) (roundrect_rratio 0.25)
      (net 5 "Net-(C21-Pad1)"))
    (pad 2 smd roundrect (at 0.9375 0) (size 0.975 1.4) (layers F.Cu F.Paste F.Mask) (roundrect_rratio 0.25)
      (net 2 GND))
    (model ${KISYS3DMOD}/Capacitor_SMD.3dshapes/C_0805_2012Metric.wrl
      (at (xyz 0 0 0))
      (scale (xyz 1 1 1))
      (rotate (xyz 0 0 0))
    )
  )

  (module Capacitor_SMD:C_0805_2012Metric (layer F.Cu) (tedit 5B36C52B) (tstamp 5CFA1342)
    (at 137 100)
    (descr "Capacitor SMD 0805 (2012 Metric), square (rectangular) end terminal, IPC_7351 nominal, (Body size source: https://docs.google.com/spreadsheets/d/1BsfQQcO9C6DZCsRaXUlFlo91Tg2WpOkGARC1WS5S8t0/edit?usp=sharing), generated with kicad-footprint-generator")
    (tags capacitor)
    (path /5CCE9B6E)
    (attr smd)
    (fp_text reference C30 (at 3.4 0) (layer F.SilkS)
      (effects (font (size 1 1) (thickness 0.15)))
    )
    (fp_text value 1uF (at 0 1.65) (layer F.Fab)
      (effects (font (size 1 1) (thickness 0.15)))
    )
    (fp_text user %R (at 0 0) (layer F.Fab)
      (effects (font (size 0.5 0.5) (thickness 0.08)))
    )
    (fp_line (start 1.68 0.95) (end -1.68 0.95) (layer F.CrtYd) (width 0.05))
    (fp_line (start 1.68 -0.95) (end 1.68 0.95) (layer F.CrtYd) (width 0.05))
    (fp_line (start -1.68 -0.95) (end 1.68 -0.95) (layer F.CrtYd) (width 0.05))
    (fp_line (start -1.68 0.95) (end -1.68 -0.95) (layer F.CrtYd) (width 0.05))
    (fp_line (start -0.258578 0.71) (end 0.258578 0.71) (layer F.SilkS) (width 0.12))
    (fp_line (start -0.258578 -0.71) (end 0.258578 -0.71) (layer F.SilkS) (width 0.12))
    (fp_line (start 1 0.6) (end -1 0.6) (layer F.Fab) (width 0.1))
    (fp_line (start 1 -0.6) (end 1 0.6) (layer F.Fab) (width 0.1))
    (fp_line (start -1 -0.6) (end 1 -0.6) (layer F.Fab) (width 0.1))
    (fp_line (start -1 0.6) (end -1 -0.6) (layer F.Fab) (width 0.1))
    (pad 2 smd roundrect (at 0.9375 0) (size 0.975 1.4) (layers F.Cu F.Paste F.Mask) (roundrect_rratio 0.25)
      (net 1 VDD))
    (pad 1 smd roundrect (at -0.9375 0) (size 0.975 1.4) (layers F.Cu F.Paste F.Mask) (roundrect_rratio 0.25)
      (net 2 GND))
    (model ${KISYS3DMOD}/Capacitor_SMD.3dshapes/C_0805_2012Metric.wrl
      (at (xyz 0 0 0))
      (scale (xyz 1 1 1))
      (rotate (xyz 0 0 0))
    )
  )

  (module Capacitor_SMD:C_0805_2012Metric (layer F.Cu) (tedit 5B36C52B) (tstamp 5CFA1353)
    (at 137 93)
    (descr "Capacitor SMD 0805 (2012 Metric), square (rectangular) end terminal, IPC_7351 nominal, (Body size source: https://docs.google.com/spreadsheets/d/1BsfQQcO9C6DZCsRaXUlFlo91Tg2WpOkGARC1WS5S8t0/edit?usp=sharing), generated with kicad-footprint-generator")
    (tags capacitor)
    (path /5CCE9B3E)
    (attr smd)
    (fp_text reference C31 (at 0 -1.65) (layer F.SilkS)
      (effects (font (size 1 1) (thickness 0.15)))
    )
    (fp_text value 1uF (at 0 1.65) (layer F.Fab)
      (effects (font (size 1 1) (thickness 0.15)))
    )
    (fp_text user %R (at 0 0) (layer F.Fab)
      (effects (font (size 0.5 0.5) (thickness 0.08)))
    )
    (fp_line (start 1.68 0.95) (end -1.68 0.95) (layer F.CrtYd) (width 0.05))
    (fp_line (start 1.68 -0.95) (end 1.68 0.95) (layer F.CrtYd) (width 0.05))
    (fp_line (start -1.68 -0.95) (end 1.68 -0.95) (layer F.CrtYd) (width 0.05))
    (fp_line (start -1.68 0.95) (end -1.68 -0.95) (layer F.CrtYd) (width 0.05))
    (fp_line (start -0.258578 0.71) (end 0.258578 0.71) (layer F.SilkS) (width 0.12))
    (fp_line (start -0.258578 -0.71) (end 0.258578 -0.71) (layer F.SilkS) (width 0.12))
    (fp_line (start 1 0.6) (end -1 0.6) (layer F.Fab) (width 0.1))
    (fp_line (start 1 -0.6) (end 1 0.6) (layer F.Fab) (width 0.1))
    (fp_line (start -1 -0.6) (end 1 -0.6) (layer F.Fab) (width 0.1))
    (fp_line (start -1 0.6) (end -1 -0.6) (layer F.Fab) (width 0.1))
    (pad 2 smd roundrect (at 0.9375 0) (size 0.975 1.4) (layers F.Cu F.Paste F.Mask) (roundrect_rratio 0.25)
      (net 2 GND))
    (pad 1 smd roundrect (at -0.9375 0) (size 0.975 1.4) (layers F.Cu F.Paste F.Mask) (roundrect_rratio 0.25)
      (net 6 "Net-(C31-Pad1)"))
    (model ${KISYS3DMOD}/Capacitor_SMD.3dshapes/C_0805_2012Metric.wrl
      (at (xyz 0 0 0))
      (scale (xyz 1 1 1))
      (rotate (xyz 0 0 0))
    )
  )

  (module Capacitor_SMD:C_0805_2012Metric (layer F.Cu) (tedit 5B36C52B) (tstamp 5CFA1364)
    (at 106 131.5 90)
    (descr "Capacitor SMD 0805 (2012 Metric), square (rectangular) end terminal, IPC_7351 nominal, (Body size source: https://docs.google.com/spreadsheets/d/1BsfQQcO9C6DZCsRaXUlFlo91Tg2WpOkGARC1WS5S8t0/edit?usp=sharing), generated with kicad-footprint-generator")
    (tags capacitor)
    (path /5CEF622E)
    (attr smd)
    (fp_text reference C60 (at 3.3 0 90) (layer F.SilkS)
      (effects (font (size 1 1) (thickness 0.15)))
    )
    (fp_text value 100nF (at 0 1.65 90) (layer F.Fab)
      (effects (font (size 1 1) (thickness 0.15)))
    )
    (fp_text user %R (at 0 0 90) (layer F.Fab)
      (effects (font (size 0.5 0.5) (thickness 0.08)))
    )
    (fp_line (start 1.68 0.95) (end -1.68 0.95) (layer F.CrtYd) (width 0.05))
    (fp_line (start 1.68 -0.95) (end 1.68 0.95) (layer F.CrtYd) (width 0.05))
    (fp_line (start -1.68 -0.95) (end 1.68 -0.95) (layer F.CrtYd) (width 0.05))
    (fp_line (start -1.68 0.95) (end -1.68 -0.95) (layer F.CrtYd) (width 0.05))
    (fp_line (start -0.258578 0.71) (end 0.258578 0.71) (layer F.SilkS) (width 0.12))
    (fp_line (start -0.258578 -0.71) (end 0.258578 -0.71) (layer F.SilkS) (width 0.12))
    (fp_line (start 1 0.6) (end -1 0.6) (layer F.Fab) (width 0.1))
    (fp_line (start 1 -0.6) (end 1 0.6) (layer F.Fab) (width 0.1))
    (fp_line (start -1 -0.6) (end 1 -0.6) (layer F.Fab) (width 0.1))
    (fp_line (start -1 0.6) (end -1 -0.6) (layer F.Fab) (width 0.1))
    (pad 2 smd roundrect (at 0.9375 0 90) (size 0.975 1.4) (layers F.Cu F.Paste F.Mask) (roundrect_rratio 0.25)
      (net 2 GND))
    (pad 1 smd roundrect (at -0.9375 0 90) (size 0.975 1.4) (layers F.Cu F.Paste F.Mask) (roundrect_rratio 0.25)
      (net 7 "Net-(C60-Pad1)"))
    (model ${KISYS3DMOD}/Capacitor_SMD.3dshapes/C_0805_2012Metric.wrl
      (at (xyz 0 0 0))
      (scale (xyz 1 1 1))
      (rotate (xyz 0 0 0))
    )
  )

  (module Capacitor_SMD:C_0805_2012Metric (layer F.Cu) (tedit 5B36C52B) (tstamp 5CFA1375)
    (at 103 131.5 90)
    (descr "Capacitor SMD 0805 (2012 Metric), square (rectangular) end terminal, IPC_7351 nominal, (Body size source: https://docs.google.com/spreadsheets/d/1BsfQQcO9C6DZCsRaXUlFlo91Tg2WpOkGARC1WS5S8t0/edit?usp=sharing), generated with kicad-footprint-generator")
    (tags capacitor)
    (path /5CEF98A5)
    (attr smd)
    (fp_text reference C61 (at 3.3 0 90) (layer F.SilkS)
      (effects (font (size 1 1) (thickness 0.15)))
    )
    (fp_text value 1uF (at 0 1.65 90) (layer F.Fab)
      (effects (font (size 1 1) (thickness 0.15)))
    )
    (fp_line (start -1 0.6) (end -1 -0.6) (layer F.Fab) (width 0.1))
    (fp_line (start -1 -0.6) (end 1 -0.6) (layer F.Fab) (width 0.1))
    (fp_line (start 1 -0.6) (end 1 0.6) (layer F.Fab) (width 0.1))
    (fp_line (start 1 0.6) (end -1 0.6) (layer F.Fab) (width 0.1))
    (fp_line (start -0.258578 -0.71) (end 0.258578 -0.71) (layer F.SilkS) (width 0.12))
    (fp_line (start -0.258578 0.71) (end 0.258578 0.71) (layer F.SilkS) (width 0.12))
    (fp_line (start -1.68 0.95) (end -1.68 -0.95) (layer F.CrtYd) (width 0.05))
    (fp_line (start -1.68 -0.95) (end 1.68 -0.95) (layer F.CrtYd) (width 0.05))
    (fp_line (start 1.68 -0.95) (end 1.68 0.95) (layer F.CrtYd) (width 0.05))
    (fp_line (start 1.68 0.95) (end -1.68 0.95) (layer F.CrtYd) (width 0.05))
    (fp_text user %R (at 0 0 90) (layer F.Fab)
      (effects (font (size 0.5 0.5) (thickness 0.08)))
    )
    (pad 1 smd roundrect (at -0.9375 0 90) (size 0.975 1.4) (layers F.Cu F.Paste F.Mask) (roundrect_rratio 0.25)
      (net 7 "Net-(C60-Pad1)"))
    (pad 2 smd roundrect (at 0.9375 0 90) (size 0.975 1.4) (layers F.Cu F.Paste F.Mask) (roundrect_rratio 0.25)
      (net 2 GND))
    (model ${KISYS3DMOD}/Capacitor_SMD.3dshapes/C_0805_2012Metric.wrl
      (at (xyz 0 0 0))
      (scale (xyz 1 1 1))
      (rotate (xyz 0 0 0))
    )
  )

  (module Capacitor_SMD:C_0805_2012Metric (layer F.Cu) (tedit 5B36C52B) (tstamp 5CFA1386)
    (at 100 131.5 90)
    (descr "Capacitor SMD 0805 (2012 Metric), square (rectangular) end terminal, IPC_7351 nominal, (Body size source: https://docs.google.com/spreadsheets/d/1BsfQQcO9C6DZCsRaXUlFlo91Tg2WpOkGARC1WS5S8t0/edit?usp=sharing), generated with kicad-footprint-generator")
    (tags capacitor)
    (path /5CF04439)
    (attr smd)
    (fp_text reference C62 (at 3.3 0.3 90) (layer F.SilkS)
      (effects (font (size 1 1) (thickness 0.15)))
    )
    (fp_text value 10uF (at 0 1.65 90) (layer F.Fab)
      (effects (font (size 1 1) (thickness 0.15)))
    )
    (fp_text user %R (at 0 0 90) (layer F.Fab)
      (effects (font (size 0.5 0.5) (thickness 0.08)))
    )
    (fp_line (start 1.68 0.95) (end -1.68 0.95) (layer F.CrtYd) (width 0.05))
    (fp_line (start 1.68 -0.95) (end 1.68 0.95) (layer F.CrtYd) (width 0.05))
    (fp_line (start -1.68 -0.95) (end 1.68 -0.95) (layer F.CrtYd) (width 0.05))
    (fp_line (start -1.68 0.95) (end -1.68 -0.95) (layer F.CrtYd) (width 0.05))
    (fp_line (start -0.258578 0.71) (end 0.258578 0.71) (layer F.SilkS) (width 0.12))
    (fp_line (start -0.258578 -0.71) (end 0.258578 -0.71) (layer F.SilkS) (width 0.12))
    (fp_line (start 1 0.6) (end -1 0.6) (layer F.Fab) (width 0.1))
    (fp_line (start 1 -0.6) (end 1 0.6) (layer F.Fab) (width 0.1))
    (fp_line (start -1 -0.6) (end 1 -0.6) (layer F.Fab) (width 0.1))
    (fp_line (start -1 0.6) (end -1 -0.6) (layer F.Fab) (width 0.1))
    (pad 2 smd roundrect (at 0.9375 0 90) (size 0.975 1.4) (layers F.Cu F.Paste F.Mask) (roundrect_rratio 0.25)
      (net 2 GND))
    (pad 1 smd roundrect (at -0.9375 0 90) (size 0.975 1.4) (layers F.Cu F.Paste F.Mask) (roundrect_rratio 0.25)
      (net 7 "Net-(C60-Pad1)"))
    (model ${KISYS3DMOD}/Capacitor_SMD.3dshapes/C_0805_2012Metric.wrl
      (at (xyz 0 0 0))
      (scale (xyz 1 1 1))
      (rotate (xyz 0 0 0))
    )
  )

  (module _connectors:Phoenix_MKDS_2P_3.81 (layer F.Cu) (tedit 5CCAB018) (tstamp 5CFA1399)
    (at 147 129.5 90)
    (path /5CCA25E3)
    (fp_text reference J00 (at -1.9 -4.7 90) (layer F.SilkS)
      (effects (font (size 1 1) (thickness 0.15)))
    )
    (fp_text value Conn_01x02 (at 0 4.9 90) (layer F.Fab)
      (effects (font (size 1 1) (thickness 0.15)))
    )
    (fp_line (start -3.9 0) (end -3.9 3.6) (layer F.SilkS) (width 0.15))
    (fp_line (start -3.9 3.6) (end 3.9 3.6) (layer F.SilkS) (width 0.15))
    (fp_line (start 3.9 3.6) (end 3.9 0) (layer F.SilkS) (width 0.15))
    (fp_line (start 3.9 0) (end 3.9 -3.7) (layer F.SilkS) (width 0.15))
    (fp_line (start 3.9 -3.7) (end -3.9 -3.7) (layer F.SilkS) (width 0.15))
    (fp_line (start -3.9 -3.7) (end -3.9 0) (layer F.SilkS) (width 0.15))
    (fp_line (start -3.9 3.1) (end 3.9 3.1) (layer F.SilkS) (width 0.15))
    (fp_line (start 3 3.9) (end 4.2 3.9) (layer F.SilkS) (width 0.15))
    (fp_line (start 4.2 3.9) (end 4.2 2.7) (layer F.SilkS) (width 0.15))
    (fp_line (start -4.1 -3.9) (end 4.1 -3.9) (layer F.CrtYd) (width 0.15))
    (fp_line (start 4.1 -3.9) (end 4.1 3.8) (layer F.CrtYd) (width 0.15))
    (fp_line (start 4.1 3.8) (end -4.1 3.8) (layer F.CrtYd) (width 0.15))
    (fp_line (start -4.1 3.8) (end -4.1 -3.9) (layer F.CrtYd) (width 0.15))
    (pad 1 thru_hole circle (at 1.905 0 90) (size 1.524 1.524) (drill 0.762) (layers *.Cu *.Mask)
      (net 8 "Net-(J00-Pad1)"))
    (pad 2 thru_hole circle (at -1.905 0 90) (size 1.524 1.524) (drill 0.762) (layers *.Cu *.Mask)
      (net 9 "Net-(J00-Pad2)"))
  )

  (module _connectors:Phoenix_MKDS_2P_3.81 (layer F.Cu) (tedit 5CCAB018) (tstamp 5CFA13AC)
    (at 147 118.5 90)
    (path /5CCE7B23)
    (fp_text reference J10 (at -1.9 -4.7 90) (layer F.SilkS)
      (effects (font (size 1 1) (thickness 0.15)))
    )
    (fp_text value Conn_01x02 (at 0 4.9 90) (layer F.Fab)
      (effects (font (size 1 1) (thickness 0.15)))
    )
    (fp_line (start -4.1 3.8) (end -4.1 -3.9) (layer F.CrtYd) (width 0.15))
    (fp_line (start 4.1 3.8) (end -4.1 3.8) (layer F.CrtYd) (width 0.15))
    (fp_line (start 4.1 -3.9) (end 4.1 3.8) (layer F.CrtYd) (width 0.15))
    (fp_line (start -4.1 -3.9) (end 4.1 -3.9) (layer F.CrtYd) (width 0.15))
    (fp_line (start 4.2 3.9) (end 4.2 2.7) (layer F.SilkS) (width 0.15))
    (fp_line (start 3 3.9) (end 4.2 3.9) (layer F.SilkS) (width 0.15))
    (fp_line (start -3.9 3.1) (end 3.9 3.1) (layer F.SilkS) (width 0.15))
    (fp_line (start -3.9 -3.7) (end -3.9 0) (layer F.SilkS) (width 0.15))
    (fp_line (start 3.9 -3.7) (end -3.9 -3.7) (layer F.SilkS) (width 0.15))
    (fp_line (start 3.9 0) (end 3.9 -3.7) (layer F.SilkS) (width 0.15))
    (fp_line (start 3.9 3.6) (end 3.9 0) (layer F.SilkS) (width 0.15))
    (fp_line (start -3.9 3.6) (end 3.9 3.6) (layer F.SilkS) (width 0.15))
    (fp_line (start -3.9 0) (end -3.9 3.6) (layer F.SilkS) (width 0.15))
    (pad 2 thru_hole circle (at -1.905 0 90) (size 1.524 1.524) (drill 0.762) (layers *.Cu *.Mask)
      (net 10 "Net-(J10-Pad2)"))
    (pad 1 thru_hole circle (at 1.905 0 90) (size 1.524 1.524) (drill 0.762) (layers *.Cu *.Mask)
      (net 11 "Net-(J10-Pad1)"))
  )

  (module _connectors:Phoenix_MKDS_2P_3.81 (layer F.Cu) (tedit 5CCAB018) (tstamp 5CFA13BF)
    (at 147 107.5 90)
    (path /5CCE9AE5)
    (fp_text reference J20 (at -1.9 -4.7 90) (layer F.SilkS)
      (effects (font (size 1 1) (thickness 0.15)))
    )
    (fp_text value Conn_01x02 (at 0 4.9 90) (layer F.Fab)
      (effects (font (size 1 1) (thickness 0.15)))
    )
    (fp_line (start -4.1 3.8) (end -4.1 -3.9) (layer F.CrtYd) (width 0.15))
    (fp_line (start 4.1 3.8) (end -4.1 3.8) (layer F.CrtYd) (width 0.15))
    (fp_line (start 4.1 -3.9) (end 4.1 3.8) (layer F.CrtYd) (width 0.15))
    (fp_line (start -4.1 -3.9) (end 4.1 -3.9) (layer F.CrtYd) (width 0.15))
    (fp_line (start 4.2 3.9) (end 4.2 2.7) (layer F.SilkS) (width 0.15))
    (fp_line (start 3 3.9) (end 4.2 3.9) (layer F.SilkS) (width 0.15))
    (fp_line (start -3.9 3.1) (end 3.9 3.1) (layer F.SilkS) (width 0.15))
    (fp_line (start -3.9 -3.7) (end -3.9 0) (layer F.SilkS) (width 0.15))
    (fp_line (start 3.9 -3.7) (end -3.9 -3.7) (layer F.SilkS) (width 0.15))
    (fp_line (start 3.9 0) (end 3.9 -3.7) (layer F.SilkS) (width 0.15))
    (fp_line (start 3.9 3.6) (end 3.9 0) (layer F.SilkS) (width 0.15))
    (fp_line (start -3.9 3.6) (end 3.9 3.6) (layer F.SilkS) (width 0.15))
    (fp_line (start -3.9 0) (end -3.9 3.6) (layer F.SilkS) (width 0.15))
    (pad 2 thru_hole circle (at -1.905 0 90) (size 1.524 1.524) (drill 0.762) (layers *.Cu *.Mask)
      (net 12 "Net-(J20-Pad2)"))
    (pad 1 thru_hole circle (at 1.905 0 90) (size 1.524 1.524) (drill 0.762) (layers *.Cu *.Mask)
      (net 13 "Net-(J20-Pad1)"))
  )

  (module _connectors:Phoenix_MKDS_2P_3.81 (layer F.Cu) (tedit 5CCAB018) (tstamp 5CFA13D2)
    (at 147 96.5 90)
    (path /5CCE9B65)
    (fp_text reference J30 (at -1.9 -4.7 90) (layer F.SilkS)
      (effects (font (size 1 1) (thickness 0.15)))
    )
    (fp_text value Conn_01x02 (at 0 4.9 90) (layer F.Fab)
      (effects (font (size 1 1) (thickness 0.15)))
    )
    (fp_line (start -3.9 0) (end -3.9 3.6) (layer F.SilkS) (width 0.15))
    (fp_line (start -3.9 3.6) (end 3.9 3.6) (layer F.SilkS) (width 0.15))
    (fp_line (start 3.9 3.6) (end 3.9 0) (layer F.SilkS) (width 0.15))
    (fp_line (start 3.9 0) (end 3.9 -3.7) (layer F.SilkS) (width 0.15))
    (fp_line (start 3.9 -3.7) (end -3.9 -3.7) (layer F.SilkS) (width 0.15))
    (fp_line (start -3.9 -3.7) (end -3.9 0) (layer F.SilkS) (width 0.15))
    (fp_line (start -3.9 3.1) (end 3.9 3.1) (layer F.SilkS) (width 0.15))
    (fp_line (start 3 3.9) (end 4.2 3.9) (layer F.SilkS) (width 0.15))
    (fp_line (start 4.2 3.9) (end 4.2 2.7) (layer F.SilkS) (width 0.15))
    (fp_line (start -4.1 -3.9) (end 4.1 -3.9) (layer F.CrtYd) (width 0.15))
    (fp_line (start 4.1 -3.9) (end 4.1 3.8) (layer F.CrtYd) (width 0.15))
    (fp_line (start 4.1 3.8) (end -4.1 3.8) (layer F.CrtYd) (width 0.15))
    (fp_line (start -4.1 3.8) (end -4.1 -3.9) (layer F.CrtYd) (width 0.15))
    (pad 1 thru_hole circle (at 1.905 0 90) (size 1.524 1.524) (drill 0.762) (layers *.Cu *.Mask)
